48.1
48.5
48.9
49.2
49.6
49.9
50.1
50.4
50.6
50.8
51.1
51.4
51.7
52.0
52.3
52.6
52.7
52.9
53.0
53.1
53.2
53.4
53.6
53.8
53.9
54.1
54.2
54.2
54.3
54.4
54.4
54.6
54.6
54.6
54.7
54.8
54.9
54.9
55.0
55.0
55.0
55.0
55.0
55.0
55.1
55.1
55.1
55.1
55.2
55.2
55.2
55.2
55.2
55.2
55.2
55.1
55.1
55.1
55.0
54.9
54.9
54.9
54.9
54.9
55.0
55.0
55.0
55.0
55.0
54.9
54.9
54.8
54.8
54.7
48.1
48.5
48.9
49.2
49.6
49.9
50.1
50.4
50.6
50.8
51.1
51.4
51.7
52.0
52.3
52.6
52.7
52.9
53.0
53.1
53.2
53.4
53.6
53.8
53.9
54.1
54.2
54.2
54.3
54.4
54.4
54.6
54.6
54.6
54.7
54.8
54.9
54.9
55.0
55.0
55.0
55.0
55.0
55.0
55.1
55.1
55.1
55.1
55.2
55.2
55.2
55.2
55.2
55.2
55.2
55.1
55.1
55.1
55.0
54.9
54.9
54.9
54.9
54.9
55.0
55.0
55.0
55.0
55.0
54.9
54.9
54.8
54.8
54.7
54.6
54.6
54.5
54.4
54.4
54.4
54.4
54.3
54.3
54.3
54.3
54.2
54.2
54.2
54.2
54.2
54.2
54.1
54.1
54.1
54.0
53.9
53.9
53.8
53.7
53.7
53.6
53.6
53.5
53.5
53.4
53.4
53.4
53.4
53.3
53.2
53.2
53.2
53.1
53.1
53.0
52.9
52.8
52.7
52.7
52.6
52.6
52.5
52.4
52.4
52.4
52.3
52.2
52.2
52.2
52.1
52.1
52.0
52.0
51.9
51.9
51.8
51.7
51.7
51.6
51.5
51.4
51.3
51.2
51.2
51.1
51.1
50.9
50.9
50.9
50.8
50.7
50.7
50.6
50.6
50.5
50.4
50.4
50.3
50.2
50.2
50.2
50.1
50.1
49.9
49.9
49.9
49.9
49.8
49.7
49.7
49.7
49.7
49.6
49.6
49.5
49.4
49.4
49.4
49.3
49.3
49.2
49.3
49.4
49.5
49.6
49.6
49.6
49.8
50.0
50.2
50.5
50.7
50.9
51.1
51.1
51.2
51.4
51.6
51.7
51.9
52.1
52.3
52.5
52.6
52.7
52.9
53.0
53.2
53.3
53.5
53.6
53.7
53.8
53.9
54.0
54.1
54.1
54.2
54.2
54.2
54.3
54.3
54.3
54.3
54.4
54.4
54.4
54.5
54.5
54.6
54.6
54.6
54.6
54.6
54.7
54.7
54.7
54.8
54.8
54.8
54.8
54.8
54.8
54.8
54.8
54.9
54.8
54.7
54.7
54.6
54.6
54.5
54.4
54.4
54.4
54.4
54.3
54.3
54.2
54.3
54.2
54.2
54.2
54.1
54.1
54.0
54.0
53.9
53.9
53.8
53.8
53.7
53.7
53.6
53.6
53.5
53.4
53.4
53.4
53.3
53.2
53.1
53.1
53.0
52.9
52.9
52.9
52.8
52.7
52.7
52.7
52.6
52.6
52.4
52.4
52.4
52.3
52.2
52.2
52.1
52.1
52.0
51.9
51.9
51.8
51.7
51.7
51.7
51.6
51.6
51.4
51.4
51.3
51.3
51.2
51.2
51.1
51.1
51.0
50.9
50.9
50.8
50.7
50.7
50.6
50.6
50.6
50.5
50.4
50.4
50.3
50.2
50.2
50.1
50.0
49.9
49.8
49.7
49.7
49.7
49.6
49.6
49.5
49.5
49.4
49.4
49.4
49.4
49.5
49.6
49.7
49.7
49.9
50.2
50.5
50.8
51.1
51.4
51.6
51.8
52.1
